thread | w2a Ir/SET | 2b-held | 2b default | default - held
 10 |     11450 |     10948 |     11274 |     +326
 11 |     11454 |     11451 |     11921 |     +470
 12 |     11966 |     11992 |     12345 |     +353
 13 |     10571 |     11024 |     11260 |     +236
 15 |        82 |        80 |        93 |      +12
 16 |        77 |        78 |        97 |      +18
 17 |         5 |         5 |        92 |      +87
 18 |         5 |        78 |       957 |     +879
 19 |        78 |        82 |       956 |     +874
 20 |        78 |         5 |       956 |     +951
 21 |         5 |         5 |        92 |      +87
 22 |         5 |         5 |       960 |     +955
